<?xml version="1.0"?>
<opencv_storage>
<disp1 type_id="opencv-matrix">
  <rows>3</rows>
  <cols>3</cols>
  <dt>d</dt>
  <data>
    5.6383812893854401e-001 3.6615942831250705e-003
    1.8824103873853865e+003 2.0918628945533261e-002
    -5.7598691165745941e-001 5.1508858149052946e+002
    1.3489476987684248e-005 -7.7209506442662559e-006 1.</data></disp1>
</opencv_storage>
