<?xml version="1.0"?>
<opencv_storage>
<mat_array>
  <_ type_id="opencv-matrix">
    <rows>4</rows>
    <cols>4</cols>
    <dt>f</dt>
    <data>
      5.0672319773093821e-001 -3.2070289685555628e-002
      -8.6151209939316409e-001 2.2163767432340283e+004
      4.7980773236846450e-002 -9.9670987281078061e-001
      6.5324381674168042e-002 1.0528738652736567e+004
      -8.6077258685492930e-001 -7.4437396253513644e-002
      -5.0351725666363278e-001 1.0082815690680585e+004 0. 0. 0. 1.</data></_></mat_array>
</opencv_storage>
