<?xml version="1.0"?>
<opencv_storage>
<mat_array>
  <_ type_id="opencv-matrix">
    <rows>4</rows>
    <cols>4</cols>
    <dt>f</dt>
    <data>
      5.47802627e-001 9.81033742e-002 -8.30835700e-001 2.16537715e+004
      -8.36067080e-001 2.85005551e-002 -5.47886610e-001 1.02104805e+004
      -3.00702397e-002 9.94768083e-001 9.76336747e-002 -8.50263867e+003
      0. 0. 0. 1.</data></_></mat_array>
</opencv_storage>
