<?xml version="1.0"?>
<opencv_storage>
<T_M2D>
  <_ type_id="opencv-matrix">
    <rows>4</rows>
    <cols>4</cols>
    <dt>f</dt>
    <data>
      9.9885009679120185e-001 6.5697696762223546e-003
      -4.7490233381272381e-002 -7.4909769186325065e+001
      4.7535784191740274e-002 -6.9601997874050130e-003
      9.9884528573758391e-001 -8.4088713316089070e+002
      6.2316419571922686e-003 -9.9995419582364897e-001
      -7.2644953848539466e-003 1.9610693810089663e+003 0. 0. 0. 1.</data></_></T_M2D>
</opencv_storage>
