<?xml version="1.0"?>
<opencv_storage>
<WindowNum>0</WindowNum>
<WindowWidth>1280</WindowWidth>
<WindowHeight>1024</WindowHeight>
<mat_array>
  <_ type_id="opencv-matrix">
  <rows>4</rows>
  <cols>4</cols>
  <dt>f</dt>
  <data>
  -5.93546256e-002 -9.87180412e-001 1.14307180e-001 2.24661789e+002
  -4.10541475e-001 -1.38799757e-001 -9.99858797e-001 9.04787476e+002
  9.87605035e-001 -7.37298578e-002 3.66456896e-001 2.93324072e+003
  0. 0. 0. 1.</data></_>
  <_ type_id="opencv-matrix">
  <rows>3</rows>
  <cols>3</cols>
  <dt>f</dt>
  <data>
    5.5446460089283600e-001 -3.2337194364183308e-002
    5.6148598659998117e+002 2.1769163979223734e-002
    -5.8937315292887615e-001 4.8951514579598006e+002
    4.9929275181705719e-005 -5.2925031692607732e-005 1.</data></_></mat_array>
</opencv_storage>
<!-- 前方右ディスプレイ -->