<?xml version="1.0"?>
<opencv_storage>
<WindowNum>0</WindowNum>
<WindowWidth>1280</WindowWidth>
<WindowHeight>1024</WindowHeight>
<mat_array>
  <_ type_id="opencv-matrix">
  <rows>4</rows>
  <cols>4</cols>
  <dt>f</dt>
  <data>
  4.74205792e-001 -7.64620721e-001 4.36444759e-001 9.56540625e+003
  7.34856904e-001 7.07290247e-002 -6.74524188e-001 -1.94321035e+004
  4.84885722e-001 6.40587747e-001 5.95426857e-001 2.69350859e+004 0.
  0. 0. 1.</data></_>
  <_ type_id="opencv-matrix">
  <rows>3</rows>
  <cols>3</cols>
  <dt>f</dt>
  <data>
  6.3256350894153779e-001 6.9103595235806611e-003
  8.5569039906741432e+002 7.0373820787356552e-003
  -6.7905410567334445e-001 4.0976225055406826e+002
  8.6417353996640357e-006 -9.6663706931387003e-008 1.</data></_></mat_array>
</opencv_storage>
<!-- 前方右ディスプレイ -->