<?xml version="1.0"?>
<opencv_storage>
<mat_array>
  <_ type_id="opencv-matrix">
    <rows>4</rows>
    <cols>4</cols>
    <dt>f</dt>
    <data>
      9.80610192e-001 -6.71690516e-003 1.95853248e-001 -4.53576893e-001
      5.30803902e-003 9.98135328e-001 -6.08082712e-002 2.05324560e-001
      1.95896506e-001 6.06688075e-002 9.78746057e-001 5.23535299e+000
      0. 0. 0. 1.</data></_></mat_array>
</opencv_storage>
