<?xml version="1.0"?>
<opencv_storage>
<mat_array>
  <_ type_id="opencv-matrix">
    <rows>4</rows>
    <cols>4</cols>
    <dt>f</dt>
    <data>
      9.98557985e-001 -4.93331766e-003 5.34561761e-002 -5.43746166e-002
      1.15059083e-003 9.93573010e-001 -1.13186978e-001 1.95122778e-001
      5.36710024e-002 1.13085270e-001 9.92134631e-001 3.82075953e+000
      0. 0. 0. 1.</data></_></mat_array>
</opencv_storage>
