<?xml version="1.0"?>
<opencv_storage>
<T_K2M>
  <_ type_id="opencv-matrix">
  <rows>4</rows>
  <cols>4</cols>
  <dt>f</dt>
  <data>
    4.5842547981957721e-002 9.9859549998425168e-001
    -2.6561027949324183e-002 -1.2724700431088212e+002
    9.9738342465595242e-001 -4.4266657453204891e-002
    5.7155640662009781e-002 1.0375477219555130e+003
    5.5899597637962137e-002 -2.9111689217967137e-002
    -9.9801189598861517e-001 1.9944671684835250e+003 0. 0. 0. 1.</data></_></T_K2M>
</opencv_storage>
