<?xml version="1.0"?>
<opencv_storage>
<disp1 type_id="opencv-matrix">
  <rows>3</rows>
  <cols>3</cols>
  <dt>f</dt>
  <data>
    6.3975522452363687e-001 1.4242781988628108e-002
    8.6541594797894913e+002 9.8845854225680235e-003
    -6.7493891499622671e-001 4.4045716804893505e+002
    1.4451148278608236e-005 9.2101985028993730e-006
    9.9999999999999989e-001</data></disp1>
</opencv_storage>
