<?xml version="1.0"?>
<opencv_storage>
<mat_array>
  <_ type_id="opencv-matrix">
    <rows>4</rows>
    <cols>4</cols>
    <dt>f</dt>
    <data>
      9.94688928e-001 1.37193967e-003 -1.02917850e-001 2.61608690e-001
      -7.13527296e-003 -9.96586502e-001 -8.22464973e-002 1.70365378e-001
      -1.02679379e-001 8.25440288e-002 -9.91283715e-001 3.83839917e+000
      0. 0. 0. 1.</data></_></mat_array>
</opencv_storage>
