<?xml version="1.0"?>
<opencv_storage>
<mat_array>
  <_ type_id="opencv-matrix">
    <rows>4</rows>
    <cols>4</cols>
    <dt>f</dt>
    <data>
      -4.7350215161024028e-001 -7.5034416319251018e-001
      -4.6128012008258568e-001 -2.5377165465427603e+004
      -5.0052204203409156e-001 6.6015636712647696e-001
      -5.6006361815457661e-001 -9.4604096675322435e+003
      7.2475747520015021e-001 -3.4310460581341358e-002
      -6.8814925302306340e-001 -1.9031867516662853e+004 0. 0. 0. 1.</data></_></mat_array>
</opencv_storage>
