<?xml version="1.0"?>
<opencv_storage>
<T_M2D>
  <_ type_id="opencv-matrix">
    <rows>4</rows>
    <cols>4</cols>
    <dt>f</dt>
    <data>
      2.5307036291402428e-002 -9.9962082000071861e-001
      -1.0852194950154090e-002 5.4398163590639410e+002
      -9.1027938693197669e-003 -1.1085646650338760e-002
      9.9989711849875651e-001 -7.3816056804716482e+002
      -9.9963828110868103e-001 -2.5205647371855815e-002
      -9.3798871340407593e-003 1.1502880816953091e+003 0. 0. 0. 1.</data></_></T_M2D>
</opencv_storage>
