<?xml version="1.0"?>
<opencv_storage>
<disp1>
  <_ type_id="opencv-matrix">
  <rows>3</rows>
  <cols>3</cols>
  <dt>f</dt>
  <data>
    5.5446460089283600e-001 -3.2337194364183308e-002
    5.6148598659998117e+002 2.1769163979223734e-002
    -5.8937315292887615e-001 4.8951514579598006e+002
    4.9929275181705719e-005 -5.2925031692607732e-005 1.</data></_></disp1>
</opencv_storage>
