<?xml version="1.0"?>
<opencv_storage>
<mat_array>
  <_ type_id="opencv-matrix">
    <rows>4</rows>
    <cols>4</cols>
    <dt>f</dt>
    <data>
      9.93423164e-001 6.45518070e-004 2.75659859e-001 8.50014648e+002
      -6.89695869e-003 9.89167094e-001 -1.43882811e-001 9.78451782e+002
      1.14292517e-001 1.46792233e-001 9.50425863e-001 -2.80994873e+001
      0. 0. 0. 1.</data></_></mat_array>
</opencv_storage>
