<?xml version="1.0"?>
<opencv_storage>
<T_M2D>
  <_ type_id="opencv-matrix">
    <rows>4</rows>
    <cols>4</cols>
    <dt>f</dt>
    <data>
      -9.9971455609177551e-001 -2.3707143735655495e-002
      2.9627139788922685e-003 1.1600863122105264e+002
      4.9165012716247836e-003 -8.2784729995304535e-002
      9.9655532535572278e-001 -9.8600827269269212e+002
      -2.3380212861945148e-002 9.9628543089593669e-001
      8.2877655800756331e-002 1.7314149696571340e+003 0. 0. 0. 1.</data></_></T_M2D>
</opencv_storage>
