<?xml version="1.0"?>
<opencv_storage>
<mat_array>
  <_ type_id="opencv-matrix">
  <rows>3</rows>
  <cols>3</cols>
  <dt>f</dt>
  <data>
    5.2741559365039714e-001 6.5328504046056390e-002
    9.8026094916208979e+002 1.1109049648222983e-002
    -5.3794097609522629e-001 5.3023137586255461e+002
    9.9347609088096464e-007 5.3150970862092195e-005 1.</data></_></mat_array>
</opencv_storage>
