<?xml version="1.0"?>
<opencv_storage>
<mat_array>
  <_ type_id="opencv-matrix">
    <rows>4</rows>
    <cols>4</cols>
    <dt>f</dt>
    <data>
      9.99676228e-001 2.09799746e-005 -2.54458338e-002 1.13957472e-001
      -2.27937172e-003 -9.95905697e-001 -9.03695151e-002 2.06559882e-001
      -2.53435466e-002 9.03982520e-002 -9.95583177e-001 3.83449221e+000
      0. 0. 0. 1.</data></_></mat_array>
</opencv_storage>
