<?xml version="1.0"?>
<opencv_storage>
<mat_array>
  <_ type_id="opencv-matrix">
  <rows>4</rows>
  <cols>4</cols>
  <dt>f</dt>
  <data>
    7.8726207241763851e-002 9.9563783293208141e-001
    5.0074843261220518e-002 -9.6108900403512348e+002
    9.8898078317231608e-001 -8.4319866623463594e-002
    1.2168471805643592e-001 -1.4810504649980342e+003
    1.2537621309163816e-001 3.9943281373846257e-002
    -9.9130486706355381e-001 1.6600522106488033e+003 0. 0. 0. 1.</data></_></mat_array>
</opencv_storage>
