<?xml version="1.0"?>
<opencv_storage>
<mat_array>
  <_ type_id="opencv-matrix">
    <rows>4</rows>
    <cols>4</cols>
    <dt>f</dt>
    <data>
      1.17850780e-001 9.70887482e-001 2.08539486e-001 -2.54767578e+003
      -1.14015341e-002 2.11311996e-001 -9.77352142e-001 1.10692163e+003
      -9.92965877e-001 1.12804048e-001 3.59728932e-002 2.57342871e+003
      0. 0. 0. 1.</data></_></mat_array>
</opencv_storage>
