<?xml version="1.0"?>
<opencv_storage>
<T_M2D>
  <_ type_id="opencv-matrix">
  <rows>4</rows>
  <cols>4</cols>
  <dt>f</dt>
  <data>
    9.9912106883755114e-001 3.4293904111504715e-002
    2.4104313840060617e-002 -1.5763274597796524e+003
    -1.9230414354593037e-002 -1.3595676970019457e-001
    9.9052811567185661e-001 -7.5720252813074910e+002
    3.7246220864134372e-002 -9.9012104558658853e-001
    -1.3517778707265818e-001 1.3673773123998692e+003 0. 0. 0. 1.</data></_></T_M2D>
</opencv_storage>
